01 30.144425 -88.473227 35.008028 -84.888246
02 51.175092 -179.231086 71.441059 179.859681
04 31.332177 -114.816591 37.004260 -109.045223
05 33.004106 -94.617919 36.499749 -89.644395
06 32.528832 -124.482003 42.009517 -114.131211
08 36.992424 -109.060256 41.003444 -102.040878
09 40.950943 -73.727775 42.050587 -71.787239
10 38.451132 -75.789023 39.839516 -74.984165
11 38.791645 -77.119759 38.995548 -76.909393
12 24.396308 -87.634896 31.000968 -79.974306
13 30.355757 -85.605165 35.000659 -80.751429
15 18.865460 -178.443593 28.517269 -154.755792
16 41.988005 -117.243027 49.001146 -111.043495
17 36.970298 -91.513079 42.508481 -87.019935
18 37.771728 -88.097892 41.761368 -84.784592
19 40.375440 -96.639485 43.501196 -90.140061
20 36.993016 -102.051769 40.003166 -94.588387
21 36.497058 -89.571203 39.147732 -81.964788
22 28.855127 -94.043352 33.019543 -88.758388
23 42.917126 -71.083924 47.459854 -66.885444
24 37.886605 -79.487651 39.723037 -74.986282
25 41.187053 -73.508142 42.886790 -69.858861
26 41.696118 -90.418392 48.306063 -82.122971
27 43.499361 -97.239196 49.384358 -89.483385
28 30.139845 -91.655009 34.996099 -88.097888
29 35.995683 -95.774704 40.613640 -89.098968
30 44.358209 -116.050002 49.001390 -104.039138
31 39.999932 -104.053514 43.001707 -95.308290
32 35.001857 -120.006473 42.002207 -114.039648
33 42.696985 -72.557185 45.305476 -70.575094
34 38.788657 -75.563586 41.357423 -73.885060
35 31.332172 -109.050173 37.000293 -103.001964
36 40.477399 -79.762590 45.015865 -71.777491
37 33.752878 -84.321869 36.588157 -75.400119
38 45.935072 -104.050040 49.000692 -96.554411
39 38.403423 -84.820305 42.327132 -80.518454
40 33.615787 -103.002455 37.002312 -94.430662
41 41.991794 -124.703541 46.299099 -116.463262
42 39.719799 -80.519851 42.516072 -74.689502
44 41.095834 -71.907258 42.018800 -71.088571
45 32.033454 -83.353928 35.215540 -78.499301
46 42.479686 -104.057739 45.945716 -96.436472
47 34.982924 -90.310298 36.678255 -81.646900
48 25.837164 -106.645646 36.500704 -93.508039
49 36.997949 -114.052998 42.001618 -109.041058
50 42.726850 -73.437905 45.016659 -71.465039
51 36.540759 -83.675395 39.466012 -75.166435
53 45.543541 -124.848974 49.002494 -116.915580
54 37.201540 -82.644591 40.638801 -77.719519
55 42.491720 -92.889433 47.309822 -86.249548
56 40.994610 -111.056889 45.005886 -104.052245
60 -14.601813 -171.141907 -10.997203 -168.101612
66 13.182335 144.563426 13.706179 145.009167
69 14.036565 144.813338 20.616556 146.154418
72 17.831509 -67.998751 18.568002 -65.168503
78 17.623468 -65.154118 18.464984 -64.512674
